Temperature (K)	Pressure (MPa)	Quality (l+v)	Internal Energy (l+v, kJ/mol)	Enthalpy (l+v, kJ/mol)	Entropy (l+v, J/mol*K)	Density (l, kg/m3)	Volume (l, m3/kg)	Internal Energy (l, kJ/mol)	Enthalpy (l, kJ/mol)	Entropy (l, J/mol*K)	Cv (l, J/mol*K)	Cp (l, J/mol*K)	Sound Spd. (l, m/s)	Joule-Thomson (l, K/MPa)	Viscosity (l, Pa*s)	Therm. Cond. (l, W/m*K)	Density (v, kg/m3)	Volume (v, m3/kg)	Internal Energy (v, kJ/mol)	Enthalpy (v, kJ/mol)	Entropy (v, J/mol*K)	Cv (v, J/mol*K)	Cp (v, J/mol*K)	Sound Spd. (v, m/s)	Joule-Thomson (v, K/MPa)	Viscosity (v, Pa*s)	Therm. Cond. (v, W/m*K)
273.16	0.40855	undefined	0.00013564	0.0074957	0.00049376	1000.0	0.0010000	0.00013564	0.0074957	0.00049376	75.944	75.986	1402.9	-0.24139	0.0017901	0.56126	1000.0	0.0010000	0.00013564	0.0074957	0.00049376	75.944	75.986	1402.9	-0.24139	0.0017901	0.56126
273.66	0.34746	undefined	0.038104	0.044363	0.13936	1000.0	0.0010000	0.038104	0.044363	0.13936	75.929	75.962	1405.3	-0.24090	0.0017596	0.56218	1000.0	0.0010000	0.038104	0.044363	0.13936	75.929	75.962	1405.3	-0.24090	0.0017596	0.56218
274.16	0.29476	undefined	0.076065	0.081375	0.27795	1000.0	0.0010000	0.076065	0.081375	0.27795	75.914	75.937	1407.7	-0.24043	0.0017298	0.56310	1000.0	0.0010000	0.076065	0.081375	0.27795	75.914	75.937	1407.7	-0.24043	0.0017298	0.56310
274.66	0.25041	undefined	0.11402	0.11853	0.41626	1000.0	0.0010000	0.11402	0.11853	0.41626	75.897	75.913	1410.1	-0.23995	0.0017008	0.56402	1000.0	0.0010000	0.11402	0.11853	0.41626	75.897	75.913	1410.1	-0.23995	0.0017008	0.56402
275.16	0.21436	undefined	0.15196	0.15582	0.55428	1000.0	0.0010000	0.15196	0.15582	0.55428	75.879	75.889	1412.5	-0.23948	0.0016726	0.56495	1000.0	0.0010000	0.15196	0.15582	0.55428	75.879	75.889	1412.5	-0.23948	0.0016726	0.56495
275.66	0.18655	undefined	0.18990	0.19326	0.69202	1000.0	0.0010000	0.18990	0.19326	0.69202	75.859	75.865	1414.8	-0.23902	0.0016451	0.56589	1000.0	0.0010000	0.18990	0.19326	0.69202	75.859	75.865	1414.8	-0.23902	0.0016451	0.56589
276.16	0.16695	undefined	0.22782	0.23083	0.82947	1000.0	0.0010000	0.22782	0.23083	0.82947	75.839	75.841	1417.1	-0.23855	0.0016183	0.56683	1000.0	0.0010000	0.22782	0.23083	0.82947	75.839	75.841	1417.1	-0.23855	0.0016183	0.56683
276.66	0.15549	undefined	0.26573	0.26854	0.96664	1000.0	0.0010000	0.26573	0.26854	0.96664	75.817	75.818	1419.5	-0.23810	0.0015921	0.56777	1000.0	0.0010000	0.26573	0.26854	0.96664	75.817	75.818	1419.5	-0.23810	0.0015921	0.56777
277.16	0.15213	undefined	0.30364	0.30638	1.1035	1000.0	0.0010000	0.30364	0.30638	1.1035	75.795	75.795	1421.8	-0.23764	0.0015666	0.56872	1000.0	0.0010000	0.30364	0.30638	1.1035	75.795	75.795	1421.8	-0.23764	0.0015666	0.56872
277.66	0.15683	undefined	0.34153	0.34435	1.2401	1000.0	0.0010000	0.34153	0.34435	1.2401	75.771	75.772	1424.1	-0.23719	0.0015418	0.56967	1000.0	0.0010000	0.34153	0.34435	1.2401	75.771	75.772	1424.1	-0.23719	0.0015418	0.56967
278.16	0.16953	undefined	0.37941	0.38246	1.3764	1000.0	0.0010000	0.37941	0.38246	1.3764	75.746	75.749	1426.3	-0.23674	0.0015175	0.57063	1000.0	0.0010000	0.37941	0.38246	1.3764	75.746	75.749	1426.3	-0.23674	0.0015175	0.57063
278.66	0.19018	undefined	0.41728	0.42070	1.5124	1000.0	0.0010000	0.41728	0.42070	1.5124	75.721	75.727	1428.6	-0.23630	0.0014939	0.57159	1000.0	0.0010000	0.41728	0.42070	1.5124	75.721	75.727	1428.6	-0.23630	0.0014939	0.57159
279.16	0.21874	undefined	0.45513	0.45907	1.6481	1000.0	0.0010000	0.45513	0.45907	1.6481	75.694	75.704	1430.8	-0.23586	0.0014708	0.57255	1000.0	0.0010000	0.45513	0.45907	1.6481	75.694	75.704	1430.8	-0.23586	0.0014708	0.57255
279.66	0.25517	undefined	0.49297	0.49757	1.7836	1000.0	0.0010000	0.49297	0.49757	1.7836	75.666	75.682	1433.1	-0.23542	0.0014483	0.57352	1000.0	0.0010000	0.49297	0.49757	1.7836	75.666	75.682	1433.1	-0.23542	0.0014483	0.57352
280.16	0.29940	undefined	0.53080	0.53619	1.9187	1000.0	0.0010000	0.53080	0.53619	1.9187	75.638	75.661	1435.3	-0.23499	0.0014263	0.57449	1000.0	0.0010000	0.53080	0.53619	1.9187	75.638	75.661	1435.3	-0.23499	0.0014263	0.57449
280.66	0.35139	undefined	0.56861	0.57494	2.0535	1000.0	0.0010000	0.56861	0.57494	2.0535	75.608	75.639	1437.5	-0.23456	0.0014048	0.57546	1000.0	0.0010000	0.56861	0.57494	2.0535	75.608	75.639	1437.5	-0.23456	0.0014048	0.57546
281.16	0.41111	undefined	0.60640	0.61381	2.1881	1000.0	0.0010000	0.60640	0.61381	2.1881	75.578	75.618	1439.7	-0.23413	0.0013839	0.57644	1000.0	0.0010000	0.60640	0.61381	2.1881	75.578	75.618	1439.7	-0.23413	0.0013839	0.57644
281.66	0.47848	undefined	0.64418	0.65280	2.3224	1000.0	0.0010000	0.64418	0.65280	2.3224	75.547	75.596	1441.9	-0.23371	0.0013634	0.57742	1000.0	0.0010000	0.64418	0.65280	2.3224	75.547	75.596	1441.9	-0.23371	0.0013634	0.57742
282.16	0.55348	undefined	0.68195	0.69192	2.4563	1000.0	0.0010000	0.68195	0.69192	2.4563	75.515	75.575	1444.0	-0.23329	0.0013434	0.57840	1000.0	0.0010000	0.68195	0.69192	2.4563	75.515	75.575	1444.0	-0.23329	0.0013434	0.57840
282.66	0.63605	undefined	0.71970	0.73116	2.5900	1000.0	0.0010000	0.71970	0.73116	2.5900	75.482	75.555	1446.2	-0.23287	0.0013239	0.57938	1000.0	0.0010000	0.71970	0.73116	2.5900	75.482	75.555	1446.2	-0.23287	0.0013239	0.57938
283.16	0.72615	undefined	0.75743	0.77051	2.7234	1000.0	0.0010000	0.75743	0.77051	2.7234	75.448	75.534	1448.3	-0.23246	0.0013048	0.58037	1000.0	0.0010000	0.75743	0.77051	2.7234	75.448	75.534	1448.3	-0.23246	0.0013048	0.58037
283.66	0.82372	undefined	0.79515	0.80999	2.8564	1000.0	0.0010000	0.79515	0.80999	2.8564	75.414	75.514	1450.5	-0.23204	0.0012862	0.58136	1000.0	0.0010000	0.79515	0.80999	2.8564	75.414	75.514	1450.5	-0.23204	0.0012862	0.58136
284.16	0.92872	undefined	0.83285	0.84958	2.9892	1000.0	0.0010000	0.83285	0.84958	2.9892	75.379	75.493	1452.6	-0.23164	0.0012679	0.58235	1000.0	0.0010000	0.83285	0.84958	2.9892	75.379	75.493	1452.6	-0.23164	0.0012679	0.58235
284.66	1.0411	undefined	0.87053	0.88928	3.1217	1000.0	0.0010000	0.87053	0.88928	3.1217	75.343	75.473	1454.7	-0.23123	0.0012501	0.58334	1000.0	0.0010000	0.87053	0.88928	3.1217	75.343	75.473	1454.7	-0.23123	0.0012501	0.58334
285.16	1.1608	undefined	0.90819	0.92910	3.2539	1000.0	0.0010000	0.90819	0.92910	3.2539	75.306	75.454	1456.8	-0.23083	0.0012327	0.58433	1000.0	0.0010000	0.90819	0.92910	3.2539	75.306	75.454	1456.8	-0.23083	0.0012327	0.58433
285.66	1.2878	undefined	0.94583	0.96903	3.3858	1000.0	0.0010000	0.94583	0.96903	3.3858	75.268	75.434	1458.9	-0.23043	0.0012157	0.58532	1000.0	0.0010000	0.94583	0.96903	3.3858	75.268	75.434	1458.9	-0.23043	0.0012157	0.58532
286.16	1.4221	undefined	0.98346	1.0091	3.5174	1000.0	0.0010000	0.98346	1.0091	3.5174	75.230	75.414	1460.9	-0.23003	0.0011990	0.58632	1000.0	0.0010000	0.98346	1.0091	3.5174	75.230	75.414	1460.9	-0.23003	0.0011990	0.58632
286.66	1.5635	undefined	1.0211	1.0492	3.6487	1000.0	0.0010000	1.0211	1.0492	3.6487	75.192	75.395	1463.0	-0.22964	0.0011827	0.58731	1000.0	0.0010000	1.0211	1.0492	3.6487	75.192	75.395	1463.0	-0.22964	0.0011827	0.58731
287.16	1.7121	undefined	1.0586	1.0895	3.7797	1000.0	0.0010000	1.0586	1.0895	3.7797	75.152	75.376	1465.1	-0.22925	0.0011668	0.58831	1000.0	0.0010000	1.0586	1.0895	3.7797	75.152	75.376	1465.1	-0.22925	0.0011668	0.58831
287.66	1.8678	undefined	1.0962	1.1299	3.9104	1000.0	0.0010000	1.0962	1.1299	3.9104	75.112	75.357	1467.1	-0.22886	0.0011512	0.58930	1000.0	0.0010000	1.0962	1.1299	3.9104	75.112	75.357	1467.1	-0.22886	0.0011512	0.58930
288.16	2.0306	undefined	1.1338	1.1703	4.0408	1000.0	0.0010000	1.1338	1.1703	4.0408	75.071	75.338	1469.1	-0.22847	0.0011359	0.59030	1000.0	0.0010000	1.1338	1.1703	4.0408	75.071	75.338	1469.1	-0.22847	0.0011359	0.59030
288.66	2.2003	undefined	1.1713	1.2109	4.1709	1000.0	0.0010000	1.1713	1.2109	4.1709	75.030	75.320	1471.1	-0.22809	0.0011210	0.59130	1000.0	0.0010000	1.1713	1.2109	4.1709	75.030	75.320	1471.1	-0.22809	0.0011210	0.59130
289.16	2.3770	undefined	1.2088	1.2516	4.3007	1000.0	0.0010000	1.2088	1.2516	4.3007	74.988	75.301	1473.2	-0.22771	0.0011063	0.59230	1000.0	0.0010000	1.2088	1.2516	4.3007	74.988	75.301	1473.2	-0.22771	0.0011063	0.59230
289.66	2.5607	undefined	1.2463	1.2924	4.4302	1000.0	0.0010000	1.2463	1.2924	4.4302	74.945	75.283	1475.2	-0.22733	0.0010920	0.59330	1000.0	0.0010000	1.2463	1.2924	4.4302	74.945	75.283	1475.2	-0.22733	0.0010920	0.59330
290.16	2.7512	undefined	1.2837	1.3333	4.5595	1000.0	0.0010000	1.2837	1.3333	4.5595	74.902	75.265	1477.1	-0.22695	0.0010780	0.59430	1000.0	0.0010000	1.2837	1.3333	4.5595	74.902	75.265	1477.1	-0.22695	0.0010780	0.59430
290.66	2.9485	undefined	1.3212	1.3743	4.6884	1000.0	0.0010000	1.3212	1.3743	4.6884	74.859	75.247	1479.1	-0.22658	0.0010643	0.59529	1000.0	0.0010000	1.3212	1.3743	4.6884	74.859	75.247	1479.1	-0.22658	0.0010643	0.59529
291.16	3.1527	undefined	1.3586	1.4154	4.8170	1000.0	0.0010000	1.3586	1.4154	4.8170	74.815	75.229	1481.1	-0.22621	0.0010508	0.59629	1000.0	0.0010000	1.3586	1.4154	4.8170	74.815	75.229	1481.1	-0.22621	0.0010508	0.59629
291.66	3.3635	undefined	1.3960	1.4566	4.9453	1000.0	0.0010000	1.3960	1.4566	4.9453	74.770	75.211	1483.1	-0.22584	0.0010377	0.59729	1000.0	0.0010000	1.3960	1.4566	4.9453	74.770	75.211	1483.1	-0.22584	0.0010377	0.59729
292.16	3.5811	undefined	1.4334	1.4979	5.0734	1000.0	0.0010000	1.4334	1.4979	5.0734	74.725	75.193	1485.0	-0.22548	0.0010248	0.59829	1000.0	0.0010000	1.4334	1.4979	5.0734	74.725	75.193	1485.0	-0.22548	0.0010248	0.59829
292.66	3.8053	undefined	1.4707	1.5393	5.2011	1000.0	0.0010000	1.4707	1.5393	5.2011	74.679	75.176	1487.0	-0.22511	0.0010121	0.59929	1000.0	0.0010000	1.4707	1.5393	5.2011	74.679	75.176	1487.0	-0.22511	0.0010121	0.59929
293.16	4.0361	undefined	1.5080	1.5808	5.3285	1000.0	0.0010000	1.5080	1.5808	5.3285	74.633	75.158	1488.9	-0.22475	0.00099972	0.60028	1000.0	0.0010000	1.5080	1.5808	5.3285	74.633	75.158	1488.9	-0.22475	0.00099972	0.60028
293.66	4.2734	undefined	1.5453	1.6223	5.4557	1000.0	0.0010000	1.5453	1.6223	5.4557	74.586	75.141	1490.8	-0.22439	0.00098758	0.60128	1000.0	0.0010000	1.5453	1.6223	5.4557	74.586	75.141	1490.8	-0.22439	0.00098758	0.60128
294.16	4.5173	undefined	1.5826	1.6640	5.5825	1000.0	0.0010000	1.5826	1.6640	5.5825	74.539	75.124	1492.7	-0.22404	0.00097568	0.60228	1000.0	0.0010000	1.5826	1.6640	5.5825	74.539	75.124	1492.7	-0.22404	0.00097568	0.60228
294.66	4.7676	undefined	1.6199	1.7058	5.7091	1000.0	0.0010000	1.6199	1.7058	5.7091	74.491	75.107	1494.6	-0.22368	0.00096402	0.60327	1000.0	0.0010000	1.6199	1.7058	5.7091	74.491	75.107	1494.6	-0.22368	0.00096402	0.60327
295.16	5.0243	undefined	1.6571	1.7476	5.8353	1000.0	0.0010000	1.6571	1.7476	5.8353	74.443	75.090	1496.5	-0.22333	0.00095258	0.60426	1000.0	0.0010000	1.6571	1.7476	5.8353	74.443	75.090	1496.5	-0.22333	0.00095258	0.60426
295.66	5.2875	undefined	1.6943	1.7896	5.9613	1000.0	0.0010000	1.6943	1.7896	5.9613	74.394	75.073	1498.4	-0.22298	0.00094136	0.60526	1000.0	0.0010000	1.6943	1.7896	5.9613	74.394	75.073	1498.4	-0.22298	0.00094136	0.60526
296.16	5.5569	undefined	1.7315	1.8316	6.0870	1000.0	0.0010000	1.7315	1.8316	6.0870	74.345	75.057	1500.3	-0.22264	0.00093037	0.60625	1000.0	0.0010000	1.7315	1.8316	6.0870	74.345	75.057	1500.3	-0.22264	0.00093037	0.60625
296.66	5.8327	undefined	1.7687	1.8738	6.2123	1000.0	0.0010000	1.7687	1.8738	6.2123	74.296	75.040	1502.2	-0.22229	0.00091958	0.60724	1000.0	0.0010000	1.7687	1.8738	6.2123	74.296	75.040	1502.2	-0.22229	0.00091958	0.60724
297.16	6.1147	undefined	1.8058	1.9160	6.3374	1000.0	0.0010000	1.8058	1.9160	6.3374	74.246	75.024	1504.1	-0.22195	0.00090900	0.60823	1000.0	0.0010000	1.8058	1.9160	6.3374	74.246	75.024	1504.1	-0.22195	0.00090900	0.60823
297.66	6.4029	undefined	1.8429	1.9583	6.4622	1000.0	0.0010000	1.8429	1.9583	6.4622	74.196	75.008	1505.9	-0.22161	0.00089862	0.60922	1000.0	0.0010000	1.8429	1.9583	6.4622	74.196	75.008	1505.9	-0.22161	0.00089862	0.60922
298.16	6.6973	undefined	1.8800	2.0007	6.5867	1000.0	0.0010000	1.8800	2.0007	6.5867	74.146	74.991	1507.8	-0.22127	0.00088844	0.61020	1000.0	0.0010000	1.8800	2.0007	6.5867	74.146	74.991	1507.8	-0.22127	0.00088844	0.61020
298.66	6.9978	undefined	1.9171	2.0431	6.7109	1000.0	0.0010000	1.9171	2.0431	6.7109	74.095	74.975	1509.6	-0.22094	0.00087845	0.61119	1000.0	0.0010000	1.9171	2.0431	6.7109	74.095	74.975	1509.6	-0.22094	0.00087845	0.61119
299.16	7.3044	undefined	1.9541	2.0857	6.8348	1000.0	0.0010000	1.9541	2.0857	6.8348	74.043	74.959	1511.5	-0.22061	0.00086864	0.61217	1000.0	0.0010000	1.9541	2.0857	6.8348	74.043	74.959	1511.5	-0.22061	0.00086864	0.61217
299.66	7.6170	undefined	1.9911	2.1283	6.9584	1000.0	0.0010000	1.9911	2.1283	6.9584	73.992	74.943	1513.3	-0.22028	0.00085902	0.61316	1000.0	0.0010000	1.9911	2.1283	6.9584	73.992	74.943	1513.3	-0.22028	0.00085902	0.61316
300.16	7.9356	undefined	2.0281	2.1711	7.0817	1000.0	0.0010000	2.0281	2.1711	7.0817	73.940	74.927	1515.1	-0.21995	0.00084958	0.61414	1000.0	0.0010000	2.0281	2.1711	7.0817	73.940	74.927	1515.1	-0.21995	0.00084958	0.61414
300.66	8.2602	undefined	2.0650	2.2139	7.2047	1000.0	0.0010000	2.0650	2.2139	7.2047	73.887	74.911	1516.9	-0.21962	0.00084031	0.61512	1000.0	0.0010000	2.0650	2.2139	7.2047	73.887	74.911	1516.9	-0.21962	0.00084031	0.61512
301.16	8.5906	undefined	2.1020	2.2567	7.3274	1000.0	0.0010000	2.1020	2.2567	7.3274	73.835	74.896	1518.7	-0.21930	0.00083121	0.61609	1000.0	0.0010000	2.1020	2.2567	7.3274	73.835	74.896	1518.7	-0.21930	0.00083121	0.61609
301.66	8.9270	undefined	2.1389	2.2997	7.4499	1000.0	0.0010000	2.1389	2.2997	7.4499	73.782	74.880	1520.5	-0.21897	0.00082227	0.61707	1000.0	0.0010000	2.1389	2.2997	7.4499	73.782	74.880	1520.5	-0.21897	0.00082227	0.61707
302.16	9.2691	undefined	2.1758	2.3427	7.5720	1000.0	0.0010000	2.1758	2.3427	7.5720	73.728	74.864	1522.3	-0.21865	0.00081350	0.61804	1000.0	0.0010000	2.1758	2.3427	7.5720	73.728	74.864	1522.3	-0.21865	0.00081350	0.61804
302.66	9.6170	undefined	2.2126	2.3859	7.6939	1000.0	0.0010000	2.2126	2.3859	7.6939	73.675	74.849	1524.1	-0.21833	0.00080488	0.61901	1000.0	0.0010000	2.2126	2.3859	7.6939	73.675	74.849	1524.1	-0.21833	0.00080488	0.61901
303.16	9.9707	undefined	2.2494	2.4291	7.8154	1000.0	0.0010000	2.2494	2.4291	7.8154	73.621	74.833	1525.9	-0.21802	0.00079642	0.61998	1000.0	0.0010000	2.2494	2.4291	7.8154	73.621	74.833	1525.9	-0.21802	0.00079642	0.61998
303.66	10.330	undefined	2.2862	2.4723	7.9367	1000.0	0.0010000	2.2862	2.4723	7.9367	73.567	74.818	1527.7	-0.21770	0.00078811	0.62095	1000.0	0.0010000	2.2862	2.4723	7.9367	73.567	74.818	1527.7	-0.21770	0.00078811	0.62095
304.16	10.695	undefined	2.3230	2.5157	8.0577	1000.0	0.0010000	2.3230	2.5157	8.0577	73.512	74.803	1529.4	-0.21739	0.00077994	0.62191	1000.0	0.0010000	2.3230	2.5157	8.0577	73.512	74.803	1529.4	-0.21739	0.00077994	0.62191
304.66	11.066	undefined	2.3597	2.5591	8.1784	1000.0	0.0010000	2.3597	2.5591	8.1784	73.458	74.787	1531.2	-0.21708	0.00077192	0.62288	1000.0	0.0010000	2.3597	2.5591	8.1784	73.458	74.787	1531.2	-0.21708	0.00077192	0.62288
305.16	11.442	undefined	2.3965	2.6026	8.2988	1000.0	0.0010000	2.3965	2.6026	8.2988	73.403	74.772	1533.0	-0.21677	0.00076404	0.62384	1000.0	0.0010000	2.3965	2.6026	8.2988	73.403	74.772	1533.0	-0.21677	0.00076404	0.62384
305.66	11.824	undefined	2.4331	2.6462	8.4189	1000.0	0.0010000	2.4331	2.6462	8.4189	73.348	74.757	1534.7	-0.21647	0.00075629	0.62480	1000.0	0.0010000	2.4331	2.6462	8.4189	73.348	74.757	1534.7	-0.21647	0.00075629	0.62480
306.16	12.211	undefined	2.4698	2.6898	8.5388	1000.0	0.0010000	2.4698	2.6898	8.5388	73.292	74.742	1536.4	-0.21617	0.00074868	0.62575	1000.0	0.0010000	2.4698	2.6898	8.5388	73.292	74.742	1536.4	-0.21617	0.00074868	0.62575
306.66	12.604	undefined	2.5064	2.7335	8.6583	1000.0	0.0010000	2.5064	2.7335	8.6583	73.236	74.727	1538.2	-0.21586	0.00074120	0.62671	1000.0	0.0010000	2.5064	2.7335	8.6583	73.236	74.727	1538.2	-0.21586	0.00074120	0.62671
307.16	13.002	undefined	2.5430	2.7773	8.7776	1000.0	0.0010000	2.5430	2.7773	8.7776	73.180	74.712	1539.9	-0.21556	0.00073385	0.62766	1000.0	0.0010000	2.5430	2.7773	8.7776	73.180	74.712	1539.9	-0.21556	0.00073385	0.62766
307.66	13.406	undefined	2.5796	2.8211	8.8966	1000.0	0.0010000	2.5796	2.8211	8.8966	73.124	74.697	1541.6	-0.21527	0.00072663	0.62861	1000.0	0.0010000	2.5796	2.8211	8.8966	73.124	74.697	1541.6	-0.21527	0.00072663	0.62861
308.16	13.815	undefined	2.6162	2.8650	9.0153	1000.0	0.0010000	2.6162	2.8650	9.0153	73.068	74.682	1543.3	-0.21497	0.00071952	0.62956	1000.0	0.0010000	2.6162	2.8650	9.0153	73.068	74.682	1543.3	-0.21497	0.00071952	0.62956
308.66	14.229	undefined	2.6527	2.9090	9.1337	1000.0	0.0010000	2.6527	2.9090	9.1337	73.011	74.667	1545.1	-0.21468	0.00071254	0.63050	1000.0	0.0010000	2.6527	2.9090	9.1337	73.011	74.667	1545.1	-0.21468	0.00071254	0.63050
309.16	14.648	undefined	2.6892	2.9531	9.2518	1000.0	0.0010000	2.6892	2.9531	9.2518	72.955	74.652	1546.8	-0.21438	0.00070567	0.63145	1000.0	0.0010000	2.6892	2.9531	9.2518	72.955	74.652	1546.8	-0.21438	0.00070567	0.63145
309.66	15.073	undefined	2.7256	2.9972	9.3697	1000.0	0.0010000	2.7256	2.9972	9.3697	72.898	74.638	1548.5	-0.21409	0.00069892	0.63239	1000.0	0.0010000	2.7256	2.9972	9.3697	72.898	74.638	1548.5	-0.21409	0.00069892	0.63239
310.16	15.503	undefined	2.7621	3.0414	9.4872	1000.0	0.0010000	2.7621	3.0414	9.4872	72.840	74.623	1550.2	-0.21381	0.00069228	0.63332	1000.0	0.0010000	2.7621	3.0414	9.4872	72.840	74.623	1550.2	-0.21381	0.00069228	0.63332
310.66	15.938	undefined	2.7985	3.0856	9.6045	1000.0	0.0010000	2.7985	3.0856	9.6045	72.783	74.608	1551.9	-0.21352	0.00068575	0.63426	1000.0	0.0010000	2.7985	3.0856	9.6045	72.783	74.608	1551.9	-0.21352	0.00068575	0.63426
311.16	16.378	undefined	2.8349	3.1299	9.7215	1000.0	0.0010000	2.8349	3.1299	9.7215	72.726	74.593	1553.5	-0.21323	0.00067932	0.63519	1000.0	0.0010000	2.8349	3.1299	9.7215	72.726	74.593	1553.5	-0.21323	0.00067932	0.63519
311.66	16.823	undefined	2.8712	3.1743	9.8382	1000.0	0.0010000	2.8712	3.1743	9.8382	72.668	74.579	1555.2	-0.21295	0.00067301	0.63612	1000.0	0.0010000	2.8712	3.1743	9.8382	72.668	74.579	1555.2	-0.21295	0.00067301	0.63612
312.16	17.274	undefined	2.9075	3.2187	9.9547	1000.0	0.0010000	2.9075	3.2187	9.9547	72.610	74.564	1556.9	-0.21267	0.00066679	0.63705	1000.0	0.0010000	2.9075	3.2187	9.9547	72.610	74.564	1556.9	-0.21267	0.00066679	0.63705
312.66	17.729	undefined	2.9438	3.2632	10.071	1000.0	0.0010000	2.9438	3.2632	10.071	72.552	74.549	1558.6	-0.21239	0.00066068	0.63797	1000.0	0.0010000	2.9438	3.2632	10.071	72.552	74.549	1558.6	-0.21239	0.00066068	0.63797
313.16	18.189	undefined	2.9801	3.3078	10.187	1000.0	0.0010000	2.9801	3.3078	10.187	72.494	74.535	1560.2	-0.21212	0.00065466	0.63889	1000.0	0.0010000	2.9801	3.3078	10.187	72.494	74.535	1560.2	-0.21212	0.00065466	0.63889
313.66	18.655	undefined	3.0163	3.3524	10.302	1000.0	0.0010000	3.0163	3.3524	10.302	72.435	74.520	1561.9	-0.21184	0.00064874	0.63981	1000.0	0.0010000	3.0163	3.3524	10.302	72.435	74.520	1561.9	-0.21184	0.00064874	0.63981
314.16	19.125	undefined	3.0525	3.3971	10.418	1000.0	0.0010000	3.0525	3.3971	10.418	72.377	74.506	1563.5	-0.21157	0.00064291	0.64073	1000.0	0.0010000	3.0525	3.3971	10.418	72.377	74.506	1563.5	-0.21157	0.00064291	0.64073
314.66	19.600	undefined	3.0887	3.4418	10.533	1000.0	0.0010000	3.0887	3.4418	10.533	72.318	74.491	1565.2	-0.21129	0.00063718	0.64164	1000.0	0.0010000	3.0887	3.4418	10.533	72.318	74.491	1565.2	-0.21129	0.00063718	0.64164
315.16	20.079	undefined	3.1248	3.4866	10.647	1000.0	0.0010000	3.1248	3.4866	10.647	72.260	74.477	1566.8	-0.21103	0.00063154	0.64255	1000.0	0.0010000	3.1248	3.4866	10.647	72.260	74.477	1566.8	-0.21103	0.00063154	0.64255
315.66	20.564	undefined	3.1609	3.5314	10.762	1000.0	0.0010000	3.1609	3.5314	10.762	72.201	74.462	1568.5	-0.21076	0.00062599	0.64346	1000.0	0.0010000	3.1609	3.5314	10.762	72.201	74.462	1568.5	-0.21076	0.00062599	0.64346
316.16	21.053	undefined	3.1970	3.5763	10.876	1000.0	0.0010000	3.1970	3.5763	10.876	72.142	74.448	1570.1	-0.21049	0.00062052	0.64437	1000.0	0.0010000	3.1970	3.5763	10.876	72.142	74.448	1570.1	-0.21049	0.00062052	0.64437
316.66	21.547	undefined	3.2331	3.6213	10.990	1000.0	0.0010000	3.2331	3.6213	10.990	72.083	74.433	1571.7	-0.21023	0.00061514	0.64527	1000.0	0.0010000	3.2331	3.6213	10.990	72.083	74.433	1571.7	-0.21023	0.00061514	0.64527
317.16	22.046	undefined	3.2691	3.6663	11.104	1000.0	0.0010000	3.2691	3.6663	11.104	72.023	74.419	1573.4	-0.20996	0.00060984	0.64617	1000.0	0.0010000	3.2691	3.6663	11.104	72.023	74.419	1573.4	-0.20996	0.00060984	0.64617
317.66	22.550	undefined	3.3051	3.7114	11.217	1000.0	0.0010000	3.3051	3.7114	11.217	71.964	74.404	1575.0	-0.20970	0.00060462	0.64707	1000.0	0.0010000	3.3051	3.7114	11.217	71.964	74.404	1575.0	-0.20970	0.00060462	0.64707
318.16	23.058	undefined	3.3411	3.7565	11.330	1000.0	0.0010000	3.3411	3.7565	11.330	71.905	74.390	1576.6	-0.20944	0.00059949	0.64796	1000.0	0.0010000	3.3411	3.7565	11.330	71.905	74.390	1576.6	-0.20944	0.00059949	0.64796
318.66	23.570	undefined	3.3770	3.8016	11.443	1000.0	0.0010000	3.3770	3.8016	11.443	71.845	74.375	1578.2	-0.20919	0.00059443	0.64886	1000.0	0.0010000	3.3770	3.8016	11.443	71.845	74.375	1578.2	-0.20919	0.00059443	0.64886
319.16	24.087	undefined	3.4129	3.8469	11.556	1000.0	0.0010000	3.4129	3.8469	11.556	71.786	74.361	1579.8	-0.20893	0.00058945	0.64974	1000.0	0.0010000	3.4129	3.8469	11.556	71.786	74.361	1579.8	-0.20893	0.00058945	0.64974
319.66	24.609	undefined	3.4488	3.8921	11.668	1000.0	0.0010000	3.4488	3.8921	11.668	71.726	74.346	1581.4	-0.20868	0.00058454	0.65063	1000.0	0.0010000	3.4488	3.8921	11.668	71.726	74.346	1581.4	-0.20868	0.00058454	0.65063
320.16	25.135	undefined	3.4847	3.9375	11.780	1000.0	0.0010000	3.4847	3.9375	11.780	71.666	74.332	1583.0	-0.20842	0.00057971	0.65151	1000.0	0.0010000	3.4847	3.9375	11.780	71.666	74.332	1583.0	-0.20842	0.00057971	0.65151
320.66	25.666	undefined	3.5205	3.9828	11.892	1000.0	0.0010000	3.5205	3.9828	11.892	71.606	74.317	1584.6	-0.20817	0.00057495	0.65240	1000.0	0.0010000	3.5205	3.9828	11.892	71.606	74.317	1584.6	-0.20817	0.00057495	0.65240
321.16	26.201	undefined	3.5563	4.0283	12.004	1000.0	0.0010000	3.5563	4.0283	12.004	71.546	74.303	1586.2	-0.20792	0.00057027	0.65327	1000.0	0.0010000	3.5563	4.0283	12.004	71.546	74.303	1586.2	-0.20792	0.00057027	0.65327
321.66	26.740	undefined	3.5920	4.0737	12.115	1000.0	0.0010000	3.5920	4.0737	12.115	71.486	74.289	1587.8	-0.20768	0.00056565	0.65415	1000.0	0.0010000	3.5920	4.0737	12.115	71.486	74.289	1587.8	-0.20768	0.00056565	0.65415
322.16	27.284	undefined	3.6277	4.1193	12.226	1000.0	0.0010000	3.6277	4.1193	12.226	71.426	74.274	1589.4	-0.20743	0.00056110	0.65502	1000.0	0.0010000	3.6277	4.1193	12.226	71.426	74.274	1589.4	-0.20743	0.00056110	0.65502
322.66	27.832	undefined	3.6634	4.1648	12.337	1000.0	0.0010000	3.6634	4.1648	12.337	71.366	74.260	1590.9	-0.20719	0.00055662	0.65589	1000.0	0.0010000	3.6634	4.1648	12.337	71.366	74.260	1590.9	-0.20719	0.00055662	0.65589
323.16	28.384	undefined	3.6991	4.2105	12.447	1000.0	0.0010000	3.6991	4.2105	12.447	71.306	74.245	1592.5	-0.20694	0.00055220	0.65676	1000.0	0.0010000	3.6991	4.2105	12.447	71.306	74.245	1592.5	-0.20694	0.00055220	0.65676
323.66	28.941	undefined	3.7347	4.2561	12.557	1000.0	0.0010000	3.7347	4.2561	12.557	71.246	74.231	1594.1	-0.20670	0.00054785	0.65762	1000.0	0.0010000	3.7347	4.2561	12.557	71.246	74.231	1594.1	-0.20670	0.00054785	0.65762
324.16	29.502	undefined	3.7704	4.3018	12.667	1000.0	0.0010000	3.7704	4.3018	12.667	71.185	74.216	1595.6	-0.20646	0.00054356	0.65848	1000.0	0.0010000	3.7704	4.3018	12.667	71.185	74.216	1595.6	-0.20646	0.00054356	0.65848
324.66	30.067	undefined	3.8059	4.3476	12.777	1000.0	0.0010000	3.8059	4.3476	12.777	71.125	74.202	1597.2	-0.20623	0.00053934	0.65934	1000.0	0.0010000	3.8059	4.3476	12.777	71.125	74.202	1597.2	-0.20623	0.00053934	0.65934
325.16	30.636	undefined	3.8415	4.3934	12.886	1000.0	0.0010000	3.8415	4.3934	12.886	71.065	74.188	1598.8	-0.20599	0.00053517	0.66020	1000.0	0.0010000	3.8415	4.3934	12.886	71.065	74.188	1598.8	-0.20599	0.00053517	0.66020
325.66	31.209	undefined	3.8770	4.4392	12.995	1000.0	0.0010000	3.8770	4.4392	12.995	71.004	74.173	1600.3	-0.20576	0.00053107	0.66105	1000.0	0.0010000	3.8770	4.4392	12.995	71.004	74.173	1600.3	-0.20576	0.00053107	0.66105
326.16	31.787	undefined	3.9125	4.4851	13.104	1000.0	0.0010000	3.9125	4.4851	13.104	70.944	74.159	1601.9	-0.20552	0.00052702	0.66190	1000.0	0.0010000	3.9125	4.4851	13.104	70.944	74.159	1601.9	-0.20552	0.00052702	0.66190
326.66	32.368	undefined	3.9479	4.5311	13.213	1000.0	0.0010000	3.9479	4.5311	13.213	70.884	74.144	1603.4	-0.20529	0.00052303	0.66275	1000.0	0.0010000	3.9479	4.5311	13.213	70.884	74.144	1603.4	-0.20529	0.00052303	0.66275
327.16	32.953	undefined	3.9834	4.5770	13.321	1000.0	0.0010000	3.9834	4.5770	13.321	70.823	74.130	1605.0	-0.20506	0.00051910	0.66359	1000.0	0.0010000	3.9834	4.5770	13.321	70.823	74.130	1605.0	-0.20506	0.00051910	0.66359
327.66	33.543	undefined	4.0188	4.6231	13.429	1000.0	0.0010000	4.0188	4.6231	13.429	70.763	74.115	1606.5	-0.20483	0.00051522	0.66443	1000.0	0.0010000	4.0188	4.6231	13.429	70.763	74.115	1606.5	-0.20483	0.00051522	0.66443
328.16	34.136	undefined	4.0541	4.6691	13.537	1000.0	0.0010000	4.0541	4.6691	13.537	70.702	74.101	1608.0	-0.20461	0.00051140	0.66527	1000.0	0.0010000	4.0541	4.6691	13.537	70.702	74.101	1608.0	-0.20461	0.00051140	0.66527
328.66	34.734	undefined	4.0895	4.7152	13.645	1000.0	0.0010000	4.0895	4.7152	13.645	70.642	74.086	1609.6	-0.20438	0.00050763	0.66611	1000.0	0.0010000	4.0895	4.7152	13.645	70.642	74.086	1609.6	-0.20438	0.00050763	0.66611
329.16	35.335	undefined	4.1248	4.7613	13.752	1000.0	0.0010000	4.1248	4.7613	13.752	70.581	74.072	1611.1	-0.20416	0.00050392	0.66694	1000.0	0.0010000	4.1248	4.7613	13.752	70.581	74.072	1611.1	-0.20416	0.00050392	0.66694
329.66	35.940	undefined	4.1600	4.8075	13.859	1000.0	0.0010000	4.1600	4.8075	13.859	70.521	74.057	1612.6	-0.20394	0.00050025	0.66777	1000.0	0.0010000	4.1600	4.8075	13.859	70.521	74.057	1612.6	-0.20394	0.00050025	0.66777
330.16	36.550	undefined	4.1953	4.8537	13.966	1000.0	0.0010000	4.1953	4.8537	13.966	70.460	74.043	1614.1	-0.20372	0.00049664	0.66860	1000.0	0.0010000	4.1953	4.8537	13.966	70.460	74.043	1614.1	-0.20372	0.00049664	0.66860
330.66	37.162	undefined	4.2305	4.9000	14.073	1000.0	0.0010000	4.2305	4.9000	14.073	70.400	74.028	1615.6	-0.20350	0.00049308	0.66943	1000.0	0.0010000	4.2305	4.9000	14.073	70.400	74.028	1615.6	-0.20350	0.00049308	0.66943
331.16	37.779	undefined	4.2657	4.9463	14.179	1000.0	0.0010000	4.2657	4.9463	14.179	70.339	74.013	1617.2	-0.20328	0.00048956	0.67025	1000.0	0.0010000	4.2657	4.9463	14.179	70.339	74.013	1617.2	-0.20328	0.00048956	0.67025
331.66	38.400	undefined	4.3008	4.9926	14.285	1000.0	0.0010000	4.3008	4.9926	14.285	70.278	73.999	1618.7	-0.20306	0.00048610	0.67107	1000.0	0.0010000	4.3008	4.9926	14.285	70.278	73.999	1618.7	-0.20306	0.00048610	0.67107
332.16	39.024	undefined	4.3360	5.0390	14.391	1000.0	0.0010000	4.3360	5.0390	14.391	70.218	73.984	1620.2	-0.20285	0.00048268	0.67189	1000.0	0.0010000	4.3360	5.0390	14.391	70.218	73.984	1620.2	-0.20285	0.00048268	0.67189
332.66	39.652	undefined	4.3711	5.0854	14.496	1000.0	0.0010000	4.3711	5.0854	14.496	70.157	73.970	1621.7	-0.20264	0.00047930	0.67270	1000.0	0.0010000	4.3711	5.0854	14.496	70.157	73.970	1621.7	-0.20264	0.00047930	0.67270
333.16	40.284	undefined	4.4061	5.1318	14.602	1000.0	0.0010000	4.4061	5.1318	14.602	70.097	73.955	1623.2	-0.20242	0.00047598	0.67352	1000.0	0.0010000	4.4061	5.1318	14.602	70.097	73.955	1623.2	-0.20242	0.00047598	0.67352
333.66	40.919	undefined	4.4412	5.1783	14.707	1000.0	0.0010000	4.4412	5.1783	14.707	70.037	73.940	1624.7	-0.20221	0.00047269	0.67433	1000.0	0.0010000	4.4412	5.1783	14.707	70.037	73.940	1624.7	-0.20221	0.00047269	0.67433
334.16	41.558	undefined	4.4762	5.2248	14.812	1000.0	0.0010000	4.4762	5.2248	14.812	69.976	73.926	1626.2	-0.20200	0.00046946	0.67513	1000.0	0.0010000	4.4762	5.2248	14.812	69.976	73.926	1626.2	-0.20200	0.00046946	0.67513
334.66	42.200	undefined	4.5111	5.2714	14.916	1000.0	0.0010000	4.5111	5.2714	14.916	69.916	73.911	1627.7	-0.20180	0.00046626	0.67594	1000.0	0.0010000	4.5111	5.2714	14.916	69.916	73.911	1627.7	-0.20180	0.00046626	0.67594
335.16	42.846	undefined	4.5461	5.3180	15.021	1000.0	0.0010000	4.5461	5.3180	15.021	69.855	73.896	1629.1	-0.20159	0.00046311	0.67674	1000.0	0.0010000	4.5461	5.3180	15.021	69.855	73.896	1629.1	-0.20159	0.00046311	0.67674
335.66	43.496	undefined	4.5810	5.3646	15.125	1000.0	0.0010000	4.5810	5.3646	15.125	69.795	73.882	1630.6	-0.20139	0.00046000	0.67754	1000.0	0.0010000	4.5810	5.3646	15.125	69.795	73.882	1630.6	-0.20139	0.00046000	0.67754
336.16	44.149	undefined	4.6159	5.4112	15.228	1000.0	0.0010000	4.6159	5.4112	15.228	69.735	73.867	1632.1	-0.20118	0.00045693	0.67834	1000.0	0.0010000	4.6159	5.4112	15.228	69.735	73.867	1632.1	-0.20118	0.00045693	0.67834
336.66	44.806	undefined	4.6507	5.4579	15.332	1000.0	0.0010000	4.6507	5.4579	15.332	69.674	73.852	1633.6	-0.20098	0.00045390	0.67913	1000.0	0.0010000	4.6507	5.4579	15.332	69.674	73.852	1633.6	-0.20098	0.00045390	0.67913
337.16	45.466	undefined	4.6856	5.5046	15.435	1000.0	0.0010000	4.6856	5.5046	15.435	69.614	73.837	1635.1	-0.20078	0.00045091	0.67992	1000.0	0.0010000	4.6856	5.5046	15.435	69.614	73.837	1635.1	-0.20078	0.00045091	0.67992
337.66	46.130	undefined	4.7203	5.5514	15.539	1000.0	0.0010000	4.7203	5.5514	15.539	69.554	73.823	1636.5	-0.20058	0.00044796	0.68071	1000.0	0.0010000	4.7203	5.5514	15.539	69.554	73.823	1636.5	-0.20058	0.00044796	0.68071
338.16	46.797	undefined	4.7551	5.5982	15.641	1000.0	0.0010000	4.7551	5.5982	15.641	69.494	73.808	1638.0	-0.20038	0.00044505	0.68150	1000.0	0.0010000	4.7551	5.5982	15.641	69.494	73.808	1638.0	-0.20038	0.00044505	0.68150
338.66	47.467	undefined	4.7898	5.6450	15.744	1000.0	0.0010000	4.7898	5.6450	15.744	69.434	73.793	1639.5	-0.20019	0.00044217	0.68229	1000.0	0.0010000	4.7898	5.6450	15.744	69.434	73.793	1639.5	-0.20019	0.00044217	0.68229
339.16	48.141	undefined	4.8245	5.6918	15.846	1000.0	0.0010000	4.8245	5.6918	15.846	69.373	73.778	1640.9	-0.19999	0.00043934	0.68307	1000.0	0.0010000	4.8245	5.6918	15.846	69.373	73.778	1640.9	-0.19999	0.00043934	0.68307
339.66	48.818	undefined	4.8592	5.7387	15.949	1000.0	0.0010000	4.8592	5.7387	15.949	69.313	73.763	1642.4	-0.19980	0.00043654	0.68385	1000.0	0.0010000	4.8592	5.7387	15.949	69.313	73.763	1642.4	-0.19980	0.00043654	0.68385
340.16	49.499	undefined	4.8939	5.7856	16.051	1000.0	0.0010000	4.8939	5.7856	16.051	69.253	73.749	1643.8	-0.19960	0.00043377	0.68463	1000.0	0.0010000	4.8939	5.7856	16.051	69.253	73.749	1643.8	-0.19960	0.00043377	0.68463
340.66	50.183	undefined	4.9285	5.8325	16.152	1000.0	0.0010000	4.9285	5.8325	16.152	69.193	73.734	1645.3	-0.19941	0.00043104	0.68540	1000.0	0.0010000	4.9285	5.8325	16.152	69.193	73.734	1645.3	-0.19941	0.00043104	0.68540
341.16	50.870	undefined	4.9630	5.8795	16.254	1000.0	0.0010000	4.9630	5.8795	16.254	69.134	73.719	1646.8	-0.19922	0.00042835	0.68618	1000.0	0.0010000	4.9630	5.8795	16.254	69.134	73.719	1646.8	-0.19922	0.00042835	0.68618
341.66	51.560	undefined	4.9976	5.9265	16.355	1000.0	0.0010000	4.9976	5.9265	16.355	69.074	73.704	1648.2	-0.19903	0.00042569	0.68695	1000.0	0.0010000	4.9976	5.9265	16.355	69.074	73.704	1648.2	-0.19903	0.00042569	0.68695
342.16	52.254	undefined	5.0321	5.9735	16.456	1000.0	0.0010000	5.0321	5.9735	16.456	69.014	73.689	1649.6	-0.19885	0.00042306	0.68772	1000.0	0.0010000	5.0321	5.9735	16.456	69.014	73.689	1649.6	-0.19885	0.00042306	0.68772
342.66	52.951	undefined	5.0666	6.0205	16.557	1000.0	0.0010000	5.0666	6.0205	16.557	68.954	73.674	1651.1	-0.19866	0.00042047	0.68848	1000.0	0.0010000	5.0666	6.0205	16.557	68.954	73.674	1651.1	-0.19866	0.00042047	0.68848
343.16	53.650	undefined	5.1011	6.0676	16.657	1000.0	0.0010000	5.1011	6.0676	16.657	68.895	73.659	1652.5	-0.19847	0.00041790	0.68925	1000.0	0.0010000	5.1011	6.0676	16.657	68.895	73.659	1652.5	-0.19847	0.00041790	0.68925
343.66	54.354	undefined	5.1355	6.1147	16.757	1000.0	0.0010000	5.1355	6.1147	16.757	68.835	73.644	1654.0	-0.19829	0.00041537	0.69001	1000.0	0.0010000	5.1355	6.1147	16.757	68.835	73.644	1654.0	-0.19829	0.00041537	0.69001
344.16	55.060	undefined	5.1699	6.1618	16.857	1000.0	0.0010000	5.1699	6.1618	16.857	68.776	73.629	1655.4	-0.19811	0.00041288	0.69077	1000.0	0.0010000	5.1699	6.1618	16.857	68.776	73.629	1655.4	-0.19811	0.00041288	0.69077
344.66	55.769	undefined	5.2043	6.2090	16.957	1000.0	0.0010000	5.2043	6.2090	16.957	68.716	73.614	1656.8	-0.19793	0.00041041	0.69153	1000.0	0.0010000	5.2043	6.2090	16.957	68.716	73.614	1656.8	-0.19793	0.00041041	0.69153
345.16	56.482	undefined	5.2386	6.2562	17.057	1000.0	0.0010000	5.2386	6.2562	17.057	68.657	73.599	1658.3	-0.19775	0.00040797	0.69228	1000.0	0.0010000	5.2386	6.2562	17.057	68.657	73.599	1658.3	-0.19775	0.00040797	0.69228
345.66	57.197	undefined	5.2729	6.3034	17.156	1000.0	0.0010000	5.2729	6.3034	17.156	68.598	73.584	1659.7	-0.19757	0.00040557	0.69304	1000.0	0.0010000	5.2729	6.3034	17.156	68.598	73.584	1659.7	-0.19757	0.00040557	0.69304
346.16	57.915	undefined	5.3072	6.3506	17.255	1000.0	0.0010000	5.3072	6.3506	17.255	68.539	73.569	1661.1	-0.19739	0.00040319	0.69379	1000.0	0.0010000	5.3072	6.3506	17.255	68.539	73.569	1661.1	-0.19739	0.00040319	0.69379
346.66	58.637	undefined	5.3415	6.3978	17.354	1000.0	0.0010000	5.3415	6.3978	17.354	68.479	73.554	1662.5	-0.19721	0.00040084	0.69454	1000.0	0.0010000	5.3415	6.3978	17.354	68.479	73.554	1662.5	-0.19721	0.00040084	0.69454
347.16	59.362	undefined	5.3757	6.4451	17.453	1000.0	0.0010000	5.3757	6.4451	17.453	68.420	73.539	1664.0	-0.19704	0.00039852	0.69528	1000.0	0.0010000	5.3757	6.4451	17.453	68.420	73.539	1664.0	-0.19704	0.00039852	0.69528
347.66	60.089	undefined	5.4099	6.4924	17.551	1000.0	0.0010000	5.4099	6.4924	17.551	68.361	73.524	1665.4	-0.19686	0.00039623	0.69603	1000.0	0.0010000	5.4099	6.4924	17.551	68.361	73.524	1665.4	-0.19686	0.00039623	0.69603
348.16	60.819	undefined	5.4441	6.5397	17.649	1000.0	0.0010000	5.4441	6.5397	17.649	68.303	73.509	1666.8	-0.19669	0.00039397	0.69677	1000.0	0.0010000	5.4441	6.5397	17.649	68.303	73.509	1666.8	-0.19669	0.00039397	0.69677
348.66	61.553	undefined	5.4782	6.5871	17.747	1000.0	0.0010000	5.4782	6.5871	17.747	68.244	73.494	1668.2	-0.19652	0.00039173	0.69752	1000.0	0.0010000	5.4782	6.5871	17.747	68.244	73.494	1668.2	-0.19652	0.00039173	0.69752
349.16	62.289	undefined	5.5123	6.6345	17.845	1000.0	0.0010000	5.5123	6.6345	17.845	68.185	73.479	1669.6	-0.19635	0.00038952	0.69825	1000.0	0.0010000	5.5123	6.6345	17.845	68.185	73.479	1669.6	-0.19635	0.00038952	0.69825
349.66	63.028	undefined	5.5464	6.6819	17.943	1000.0	0.0010000	5.5464	6.6819	17.943	68.126	73.463	1671.0	-0.19618	0.00038734	0.69899	1000.0	0.0010000	5.5464	6.6819	17.943	68.126	73.463	1671.0	-0.19618	0.00038734	0.69899
350.16	63.770	undefined	5.5804	6.7293	18.040	1000.0	0.0010000	5.5804	6.7293	18.040	68.068	73.448	1672.4	-0.19601	0.00038519	0.69973	1000.0	0.0010000	5.5804	6.7293	18.040	68.068	73.448	1672.4	-0.19601	0.00038519	0.69973
350.66	64.515	undefined	5.6145	6.7767	18.137	1000.0	0.0010000	5.6145	6.7767	18.137	68.010	73.433	1673.8	-0.19584	0.00038306	0.70046	1000.0	0.0010000	5.6145	6.7767	18.137	68.010	73.433	1673.8	-0.19584	0.00038306	0.70046
351.16	65.263	undefined	5.6484	6.8242	18.234	1000.0	0.0010000	5.6484	6.8242	18.234	67.951	73.418	1675.2	-0.19568	0.00038095	0.70119	1000.0	0.0010000	5.6484	6.8242	18.234	67.951	73.418	1675.2	-0.19568	0.00038095	0.70119
351.66	66.013	undefined	5.6824	6.8717	18.331	1000.0	0.0010000	5.6824	6.8717	18.331	67.893	73.403	1676.6	-0.19551	0.00037887	0.70192	1000.0	0.0010000	5.6824	6.8717	18.331	67.893	73.403	1676.6	-0.19551	0.00037887	0.70192
352.16	66.767	undefined	5.7163	6.9192	18.427	1000.0	0.0010000	5.7163	6.9192	18.427	67.835	73.388	1678.0	-0.19535	0.00037681	0.70265	1000.0	0.0010000	5.7163	6.9192	18.427	67.835	73.388	1678.0	-0.19535	0.00037681	0.70265
352.66	67.523	undefined	5.7502	6.9667	18.523	1000.0	0.0010000	5.7502	6.9667	18.523	67.777	73.372	1679.4	-0.19519	0.00037478	0.70338	1000.0	0.0010000	5.7502	6.9667	18.523	67.777	73.372	1679.4	-0.19519	0.00037478	0.70338
353.16	68.281	undefined	5.7841	7.0142	18.619	1000.0	0.0010000	5.7841	7.0142	18.619	67.719	73.357	1680.8	-0.19503	0.00037277	0.70411	1000.0	0.0010000	5.7841	7.0142	18.619	67.719	73.357	1680.8	-0.19503	0.00037277	0.70411
353.66	69.043	undefined	5.8180	7.0618	18.715	1000.0	0.0010000	5.8180	7.0618	18.715	67.661	73.342	1682.2	-0.19487	0.00037079	0.70483	1000.0	0.0010000	5.8180	7.0618	18.715	67.661	73.342	1682.2	-0.19487	0.00037079	0.70483
354.16	69.807	undefined	5.8518	7.1094	18.810	1000.0	0.0010000	5.8518	7.1094	18.810	67.603	73.326	1683.6	-0.19471	0.00036883	0.70555	1000.0	0.0010000	5.8518	7.1094	18.810	67.603	73.326	1683.6	-0.19471	0.00036883	0.70555
354.66	70.574	undefined	5.8856	7.1570	18.906	1000.0	0.0010000	5.8856	7.1570	18.906	67.546	73.311	1684.9	-0.19455	0.00036689	0.70627	1000.0	0.0010000	5.8856	7.1570	18.906	67.546	73.311	1684.9	-0.19455	0.00036689	0.70627
355.16	71.343	undefined	5.9193	7.2046	19.001	1000.0	0.0010000	5.9193	7.2046	19.001	67.488	73.296	1686.3	-0.19439	0.00036497	0.70699	1000.0	0.0010000	5.9193	7.2046	19.001	67.488	73.296	1686.3	-0.19439	0.00036497	0.70699
355.66	72.115	undefined	5.9530	7.2522	19.096	1000.0	0.0010000	5.9530	7.2522	19.096	67.431	73.281	1687.7	-0.19423	0.00036308	0.70771	1000.0	0.0010000	5.9530	7.2522	19.096	67.431	73.281	1687.7	-0.19423	0.00036308	0.70771
356.16	72.890	undefined	5.9868	7.2999	19.190	1000.0	0.0010000	5.9868	7.2999	19.190	67.373	73.265	1689.1	-0.19408	0.00036121	0.70842	1000.0	0.0010000	5.9868	7.2999	19.190	67.373	73.265	1689.1	-0.19408	0.00036121	0.70842
356.66	73.668	undefined	6.0204	7.3476	19.285	1000.0	0.0010000	6.0204	7.3476	19.285	67.316	73.250	1690.5	-0.19393	0.00035935	0.70914	1000.0	0.0010000	6.0204	7.3476	19.285	67.316	73.250	1690.5	-0.19393	0.00035935	0.70914
357.16	74.448	undefined	6.0541	7.3953	19.379	1000.0	0.0010000	6.0541	7.3953	19.379	67.259	73.235	1691.8	-0.19377	0.00035752	0.70985	1000.0	0.0010000	6.0541	7.3953	19.379	67.259	73.235	1691.8	-0.19377	0.00035752	0.70985
357.66	75.230	undefined	6.0877	7.4430	19.473	1000.0	0.0010000	6.0877	7.4430	19.473	67.202	73.219	1693.2	-0.19362	0.00035572	0.71056	1000.0	0.0010000	6.0877	7.4430	19.473	67.202	73.219	1693.2	-0.19362	0.00035572	0.71056
358.16	76.015	undefined	6.1213	7.4907	19.567	1000.0	0.0010000	6.1213	7.4907	19.567	67.145	73.204	1694.6	-0.19347	0.00035393	0.71127	1000.0	0.0010000	6.1213	7.4907	19.567	67.145	73.204	1694.6	-0.19347	0.00035393	0.71127
358.66	76.803	undefined	6.1548	7.5384	19.661	1000.0	0.0010000	6.1548	7.5384	19.661	67.088	73.188	1695.9	-0.19332	0.00035216	0.71198	1000.0	0.0010000	6.1548	7.5384	19.661	67.088	73.188	1695.9	-0.19332	0.00035216	0.71198
359.16	77.593	undefined	6.1884	7.5862	19.754	1000.0	0.0010000	6.1884	7.5862	19.754	67.032	73.173	1697.3	-0.19317	0.00035041	0.71268	1000.0	0.0010000	6.1884	7.5862	19.754	67.032	73.173	1697.3	-0.19317	0.00035041	0.71268
359.66	78.385	undefined	6.2219	7.6340	19.847	1000.0	0.0010000	6.2219	7.6340	19.847	66.975	73.158	1698.7	-0.19302	0.00034868	0.71339	1000.0	0.0010000	6.2219	7.6340	19.847	66.975	73.158	1698.7	-0.19302	0.00034868	0.71339
360.16	79.180	undefined	6.2553	7.6818	19.940	1000.0	0.0010000	6.2553	7.6818	19.940	66.919	73.142	1700.0	-0.19288	0.00034697	0.71409	1000.0	0.0010000	6.2553	7.6818	19.940	66.919	73.142	1700.0	-0.19288	0.00034697	0.71409
360.66	79.978	undefined	6.2888	7.7296	20.033	1000.0	0.0010000	6.2888	7.7296	20.033	66.862	73.127	1701.4	-0.19273	0.00034528	0.71480	1000.0	0.0010000	6.2888	7.7296	20.033	66.862	73.127	1701.4	-0.19273	0.00034528	0.71480
361.16	80.778	undefined	6.3222	7.7774	20.126	1000.0	0.0010000	6.3222	7.7774	20.126	66.806	73.111	1702.7	-0.19259	0.00034361	0.71550	1000.0	0.0010000	6.3222	7.7774	20.126	66.806	73.111	1702.7	-0.19259	0.00034361	0.71550
361.66	81.580	undefined	6.3556	7.8253	20.218	1000.0	0.0010000	6.3556	7.8253	20.218	66.750	73.096	1704.1	-0.19244	0.00034196	0.71620	1000.0	0.0010000	6.3556	7.8253	20.218	66.750	73.096	1704.1	-0.19244	0.00034196	0.71620
362.16	82.385	undefined	6.3889	7.8731	20.310	1000.0	0.0010000	6.3889	7.8731	20.310	66.694	73.080	1705.4	-0.19230	0.00034032	0.71690	1000.0	0.0010000	6.3889	7.8731	20.310	66.694	73.080	1705.4	-0.19230	0.00034032	0.71690
362.66	83.192	undefined	6.4223	7.9210	20.402	1000.0	0.0010000	6.4223	7.9210	20.402	66.638	73.065	1706.8	-0.19216	0.00033871	0.71760	1000.0	0.0010000	6.4223	7.9210	20.402	66.638	73.065	1706.8	-0.19216	0.00033871	0.71760
363.16	84.002	undefined	6.4556	7.9689	20.494	1000.0	0.0010000	6.4556	7.9689	20.494	66.582	73.049	1708.1	-0.19202	0.00033711	0.71829	1000.0	0.0010000	6.4556	7.9689	20.494	66.582	73.049	1708.1	-0.19202	0.00033711	0.71829
363.66	84.813	undefined	6.4889	8.0168	20.586	1000.0	0.0010000	6.4889	8.0168	20.586	66.527	73.034	1709.5	-0.19188	0.00033552	0.71899	1000.0	0.0010000	6.4889	8.0168	20.586	66.527	73.034	1709.5	-0.19188	0.00033552	0.71899
364.16	85.628	undefined	6.5221	8.0647	20.677	1000.0	0.0010000	6.5221	8.0647	20.677	66.471	73.018	1710.8	-0.19174	0.00033396	0.71968	1000.0	0.0010000	6.5221	8.0647	20.677	66.471	73.018	1710.8	-0.19174	0.00033396	0.71968
364.66	86.444	undefined	6.5553	8.1126	20.768	1000.0	0.0010000	6.5553	8.1126	20.768	66.416	73.003	1712.2	-0.19160	0.00033241	0.72037	1000.0	0.0010000	6.5553	8.1126	20.768	66.416	73.003	1712.2	-0.19160	0.00033241	0.72037
365.16	87.263	undefined	6.5885	8.1606	20.859	1000.0	0.0010000	6.5885	8.1606	20.859	66.361	72.987	1713.5	-0.19146	0.00033088	0.72107	1000.0	0.0010000	6.5885	8.1606	20.859	66.361	72.987	1713.5	-0.19146	0.00033088	0.72107
365.66	88.084	undefined	6.6217	8.2085	20.950	1000.0	0.0010000	6.6217	8.2085	20.950	66.306	72.972	1714.8	-0.19132	0.00032937	0.72176	1000.0	0.0010000	6.6217	8.2085	20.950	66.306	72.972	1714.8	-0.19132	0.00032937	0.72176
366.16	88.907	undefined	6.6548	8.2565	21.040	1000.0	0.0010000	6.6548	8.2565	21.040	66.251	72.956	1716.2	-0.19119	0.00032787	0.72245	1000.0	0.0010000	6.6548	8.2565	21.040	66.251	72.956	1716.2	-0.19119	0.00032787	0.72245
366.66	89.733	undefined	6.6879	8.3045	21.131	1000.0	0.0010000	6.6879	8.3045	21.131	66.196	72.941	1717.5	-0.19105	0.00032639	0.72314	1000.0	0.0010000	6.6879	8.3045	21.131	66.196	72.941	1717.5	-0.19105	0.00032639	0.72314
367.16	90.560	undefined	6.7210	8.3525	21.221	1000.0	0.0010000	6.7210	8.3525	21.221	66.141	72.925	1718.8	-0.19092	0.00032493	0.72383	1000.0	0.0010000	6.7210	8.3525	21.221	66.141	72.925	1718.8	-0.19092	0.00032493	0.72383
367.66	91.390	undefined	6.7541	8.4005	21.311	1000.0	0.0010000	6.7541	8.4005	21.311	66.086	72.910	1720.2	-0.19079	0.00032348	0.72451	1000.0	0.0010000	6.7541	8.4005	21.311	66.086	72.910	1720.2	-0.19079	0.00032348	0.72451
368.16	92.223	undefined	6.7871	8.4485	21.401	1000.0	0.0010000	6.7871	8.4485	21.401	66.032	72.894	1721.5	-0.19066	0.00032204	0.72520	1000.0	0.0010000	6.7871	8.4485	21.401	66.032	72.894	1721.5	-0.19066	0.00032204	0.72520
368.66	93.057	undefined	6.8201	8.4966	21.490	1000.0	0.0010000	6.8201	8.4966	21.490	65.978	72.879	1722.8	-0.19053	0.00032062	0.72589	1000.0	0.0010000	6.8201	8.4966	21.490	65.978	72.879	1722.8	-0.19053	0.00032062	0.72589
369.16	93.894	undefined	6.8531	8.5446	21.580	1000.0	0.0010000	6.8531	8.5446	21.580	65.923	72.863	1724.1	-0.19040	0.00031922	0.72657	1000.0	0.0010000	6.8531	8.5446	21.580	65.923	72.863	1724.1	-0.19040	0.00031922	0.72657
369.66	94.732	undefined	6.8860	8.5927	21.669	1000.0	0.0010000	6.8860	8.5927	21.669	65.869	72.847	1725.4	-0.19027	0.00031783	0.72725	1000.0	0.0010000	6.8860	8.5927	21.669	65.869	72.847	1725.4	-0.19027	0.00031783	0.72725
370.16	95.573	undefined	6.9190	8.6407	21.758	1000.0	0.0010000	6.9190	8.6407	21.758	65.815	72.832	1726.8	-0.19014	0.00031645	0.72794	1000.0	0.0010000	6.9190	8.6407	21.758	65.815	72.832	1726.8	-0.19014	0.00031645	0.72794
370.66	96.416	undefined	6.9519	8.6888	21.847	1000.0	0.0010000	6.9519	8.6888	21.847	65.762	72.816	1728.1	-0.19001	0.00031509	0.72862	1000.0	0.0010000	6.9519	8.6888	21.847	65.762	72.816	1728.1	-0.19001	0.00031509	0.72862
371.16	97.261	undefined	6.9847	8.7369	21.935	1000.0	0.0010000	6.9847	8.7369	21.935	65.708	72.801	1729.4	-0.18988	0.00031375	0.72930	1000.0	0.0010000	6.9847	8.7369	21.935	65.708	72.801	1729.4	-0.18988	0.00031375	0.72930
371.66	98.108	undefined	7.0176	8.7850	22.024	1000.0	0.0010000	7.0176	8.7850	22.024	65.654	72.785	1730.7	-0.18976	0.00031242	0.72998	1000.0	0.0010000	7.0176	8.7850	22.024	65.654	72.785	1730.7	-0.18976	0.00031242	0.72998
372.16	98.957	undefined	7.0504	8.8331	22.112	1000.0	0.0010000	7.0504	8.8331	22.112	65.601	72.770	1732.0	-0.18963	0.00031110	0.73066	1000.0	0.0010000	7.0504	8.8331	22.112	65.601	72.770	1732.0	-0.18963	0.00031110	0.73066
372.66	99.809	undefined	7.0832	8.8812	22.200	1000.0	0.0010000	7.0832	8.8812	22.200	65.547	72.754	1733.3	-0.18951	0.00030980	0.73134	1000.0	0.0010000	7.0832	8.8812	22.200	65.547	72.754	1733.3	-0.18951	0.00030980	0.73134
373.16	100.66	undefined	7.1159	8.9294	22.288	1000.0	0.0010000	7.1159	8.9294	22.288	65.494	72.738	1734.6	-0.18939	0.00030850	0.73202	1000.0	0.0010000	7.1159	8.9294	22.288	65.494	72.738	1734.6	-0.18939	0.00030850	0.73202
