Temperature (C)	Pressure (MPa)	Quality (l+v)	Internal Energy (l+v, kJ/mol)	Enthalpy (l+v, kJ/mol)	Entropy (l+v, J/mol*K)	Density (l, kg/m3)	Volume (l, m3/kg)	Internal Energy (l, kJ/mol)	Enthalpy (l, kJ/mol)	Entropy (l, J/mol*K)	Cv (l, J/mol*K)	Cp (l, J/mol*K)	Sound Spd. (l, m/s)	Joule-Thomson (l, K/MPa)	Viscosity (l, uPa*s)	Therm. Cond. (l, W/m*K)	Density (v, kg/m3)	Volume (v, m3/kg)	Internal Energy (v, kJ/mol)	Enthalpy (v, kJ/mol)	Entropy (v, J/mol*K)	Cv (v, J/mol*K)	Cp (v, J/mol*K)	Sound Spd. (v, m/s)	Joule-Thomson (v, K/MPa)	Viscosity (v, uPa*s)	Therm. Cond. (v, W/m*K)
0.010000	0.40855	undefined	0.00013564	0.0074957	0.00049376	1000.0	0.0010000	0.00013564	0.0074957	0.00049376	75.944	75.986	1402.9	-0.24139	1790.1	0.56126	1000.0	0.0010000	0.00013564	0.0074957	0.00049376	75.944	75.986	1402.9	-0.24139	1790.1	0.56126
5.0100	0.16953	undefined	0.37941	0.38246	1.3764	1000.0	0.0010000	0.37941	0.38246	1.3764	75.746	75.749	1426.3	-0.23674	1517.5	0.57063	1000.0	0.0010000	0.37941	0.38246	1.3764	75.746	75.749	1426.3	-0.23674	1517.5	0.57063
10.010	0.72615	undefined	0.75743	0.77051	2.7234	1000.0	0.0010000	0.75743	0.77051	2.7234	75.448	75.534	1448.3	-0.23246	1304.8	0.58037	1000.0	0.0010000	0.75743	0.77051	2.7234	75.448	75.534	1448.3	-0.23246	1304.8	0.58037
15.010	2.0306	undefined	1.1338	1.1703	4.0408	1000.0	0.0010000	1.1338	1.1703	4.0408	75.071	75.338	1469.1	-0.22847	1135.9	0.59030	1000.0	0.0010000	1.1338	1.1703	4.0408	75.071	75.338	1469.1	-0.22847	1135.9	0.59030
20.010	4.0361	undefined	1.5080	1.5808	5.3285	1000.0	0.0010000	1.5080	1.5808	5.3285	74.633	75.158	1488.9	-0.22475	999.72	0.60028	1000.0	0.0010000	1.5080	1.5808	5.3285	74.633	75.158	1488.9	-0.22475	999.72	0.60028
25.010	6.6973	undefined	1.8800	2.0007	6.5867	1000.0	0.0010000	1.8800	2.0007	6.5867	74.146	74.991	1507.8	-0.22127	888.44	0.61020	1000.0	0.0010000	1.8800	2.0007	6.5867	74.146	74.991	1507.8	-0.22127	888.44	0.61020
30.010	9.9707	undefined	2.2494	2.4291	7.8154	1000.0	0.0010000	2.2494	2.4291	7.8154	73.621	74.833	1525.9	-0.21802	796.42	0.61998	1000.0	0.0010000	2.2494	2.4291	7.8154	73.621	74.833	1525.9	-0.21802	796.42	0.61998
35.010	13.815	undefined	2.6162	2.8650	9.0153	1000.0	0.0010000	2.6162	2.8650	9.0153	73.068	74.682	1543.3	-0.21497	719.52	0.62956	1000.0	0.0010000	2.6162	2.8650	9.0153	73.068	74.682	1543.3	-0.21497	719.52	0.62956
40.010	18.189	undefined	2.9801	3.3078	10.187	1000.0	0.0010000	2.9801	3.3078	10.187	72.494	74.535	1560.2	-0.21212	654.66	0.63889	1000.0	0.0010000	2.9801	3.3078	10.187	72.494	74.535	1560.2	-0.21212	654.66	0.63889
45.010	23.058	undefined	3.3411	3.7565	11.330	1000.0	0.0010000	3.3411	3.7565	11.330	71.905	74.390	1576.6	-0.20944	599.49	0.64796	1000.0	0.0010000	3.3411	3.7565	11.330	71.905	74.390	1576.6	-0.20944	599.49	0.64796
50.010	28.384	undefined	3.6991	4.2105	12.447	1000.0	0.0010000	3.6991	4.2105	12.447	71.306	74.245	1592.5	-0.20694	552.20	0.65676	1000.0	0.0010000	3.6991	4.2105	12.447	71.306	74.245	1592.5	-0.20694	552.20	0.65676
55.010	34.136	undefined	4.0541	4.6691	13.537	1000.0	0.0010000	4.0541	4.6691	13.537	70.702	74.101	1608.0	-0.20461	511.40	0.66527	1000.0	0.0010000	4.0541	4.6691	13.537	70.702	74.101	1608.0	-0.20461	511.40	0.66527
60.010	40.284	undefined	4.4061	5.1318	14.602	1000.0	0.0010000	4.4061	5.1318	14.602	70.097	73.955	1623.2	-0.20242	475.98	0.67352	1000.0	0.0010000	4.4061	5.1318	14.602	70.097	73.955	1623.2	-0.20242	475.98	0.67352
65.010	46.797	undefined	4.7551	5.5982	15.641	1000.0	0.0010000	4.7551	5.5982	15.641	69.494	73.808	1638.0	-0.20038	445.05	0.68150	1000.0	0.0010000	4.7551	5.5982	15.641	69.494	73.808	1638.0	-0.20038	445.05	0.68150
70.010	53.650	undefined	5.1011	6.0676	16.657	1000.0	0.0010000	5.1011	6.0676	16.657	68.895	73.659	1652.5	-0.19847	417.90	0.68925	1000.0	0.0010000	5.1011	6.0676	16.657	68.895	73.659	1652.5	-0.19847	417.90	0.68925
75.010	60.819	undefined	5.4441	6.5397	17.649	1000.0	0.0010000	5.4441	6.5397	17.649	68.303	73.509	1666.8	-0.19669	393.97	0.69677	1000.0	0.0010000	5.4441	6.5397	17.649	68.303	73.509	1666.8	-0.19669	393.97	0.69677
80.010	68.281	undefined	5.7841	7.0142	18.619	1000.0	0.0010000	5.7841	7.0142	18.619	67.719	73.357	1680.8	-0.19503	372.77	0.70411	1000.0	0.0010000	5.7841	7.0142	18.619	67.719	73.357	1680.8	-0.19503	372.77	0.70411
85.010	76.015	undefined	6.1213	7.4907	19.567	1000.0	0.0010000	6.1213	7.4907	19.567	67.145	73.204	1694.6	-0.19347	353.93	0.71127	1000.0	0.0010000	6.1213	7.4907	19.567	67.145	73.204	1694.6	-0.19347	353.93	0.71127
90.010	84.002	undefined	6.4556	7.9689	20.494	1000.0	0.0010000	6.4556	7.9689	20.494	66.582	73.049	1708.1	-0.19202	337.11	0.71829	1000.0	0.0010000	6.4556	7.9689	20.494	66.582	73.049	1708.1	-0.19202	337.11	0.71829
95.010	92.223	undefined	6.7871	8.4485	21.401	1000.0	0.0010000	6.7871	8.4485	21.401	66.032	72.894	1721.5	-0.19066	322.04	0.72520	1000.0	0.0010000	6.7871	8.4485	21.401	66.032	72.894	1721.5	-0.19066	322.04	0.72520
100.01	100.66	undefined	7.1159	8.9294	22.288	1000.0	0.0010000	7.1159	8.9294	22.288	65.494	72.738	1734.6	-0.18939	308.50	0.73202	1000.0	0.0010000	7.1159	8.9294	22.288	65.494	72.738	1734.6	-0.18939	308.50	0.73202
